   1   0.000000E+00    0.000000E+00    0.000000E+00    0.000000E+00    0.000000E+00    0.000000E+00    0.000000E+00
   2   0.671141E-02    0.140770E-01    0.218125E-02    0.249740E-02    0.156127E-01    0.109254E-01   -0.112502E-01
   3   0.134228E-01    0.195864E-01    0.421290E-02    0.793616E-02    0.230151E-01    0.189095E-01   -0.145893E-01
   4   0.201342E-01    0.236709E-01    0.609974E-02    0.139515E-01    0.289490E-01    0.263169E-01   -0.167495E-01
   5   0.268456E-01    0.270093E-01    0.784654E-02    0.202930E-01    0.340489E-01    0.333982E-01   -0.183559E-01
   6   0.335570E-01    0.298646E-01    0.945806E-02    0.268553E-01    0.385610E-01    0.402588E-01   -0.196449E-01
   7   0.402685E-01    0.323720E-01    0.109391E-01    0.335794E-01    0.426124E-01    0.469575E-01   -0.207342E-01
   8   0.469799E-01    0.346117E-01    0.122944E-01    0.404270E-01    0.462801E-01    0.535327E-01   -0.216913E-01
   9   0.536913E-01    0.366362E-01    0.135288E-01    0.473708E-01    0.496156E-01    0.600118E-01   -0.225581E-01
  10   0.604027E-01    0.384820E-01    0.146470E-01    0.543899E-01    0.526564E-01    0.664155E-01   -0.233624E-01
  11   0.671141E-01    0.401759E-01    0.156538E-01    0.614677E-01    0.554309E-01    0.727605E-01   -0.241234E-01
  12   0.738255E-01    0.417380E-01    0.165539E-01    0.685907E-01    0.579623E-01    0.790603E-01   -0.248545E-01
  13   0.805369E-01    0.431840E-01    0.173523E-01    0.757473E-01    0.602698E-01    0.853265E-01   -0.255653E-01
  14   0.872483E-01    0.445266E-01    0.180535E-01    0.829279E-01    0.623700E-01    0.915688E-01   -0.262630E-01
  15   0.939597E-01    0.457759E-01    0.186624E-01    0.901238E-01    0.642774E-01    0.977957E-01   -0.269525E-01
  16   0.100671E+00    0.469406E-01    0.191839E-01    0.973277E-01    0.660052E-01    0.104015E+00   -0.276375E-01
  17   0.107383E+00    0.480276E-01    0.196225E-01    0.104533E+00    0.675655E-01    0.110232E+00   -0.283205E-01
  18   0.114094E+00    0.490431E-01    0.199832E-01    0.111734E+00    0.689696E-01    0.116454E+00   -0.290031E-01
  19   0.120805E+00    0.499924E-01    0.202707E-01    0.118926E+00    0.702278E-01    0.122685E+00   -0.296863E-01
  20   0.127517E+00    0.508799E-01    0.204898E-01    0.126104E+00    0.713500E-01    0.128930E+00   -0.303705E-01
  21   0.134228E+00    0.517096E-01    0.206452E-01    0.133264E+00    0.723458E-01    0.135192E+00   -0.310555E-01
  22   0.140940E+00    0.524852E-01    0.207417E-01    0.140403E+00    0.732241E-01    0.141477E+00   -0.317407E-01
  23   0.147651E+00    0.532096E-01    0.207841E-01    0.147517E+00    0.739935E-01    0.147785E+00   -0.324253E-01
  24   0.154362E+00    0.538857E-01    0.207772E-01    0.154603E+00    0.746624E-01    0.154122E+00   -0.331080E-01
  25   0.161074E+00    0.545161E-01    0.207257E-01    0.161660E+00    0.752386E-01    0.160488E+00   -0.337872E-01
  26   0.167785E+00    0.551030E-01    0.206344E-01    0.168685E+00    0.757301E-01    0.166886E+00   -0.344612E-01
  27   0.174497E+00    0.556484E-01    0.205082E-01    0.175675E+00    0.761441E-01    0.173318E+00   -0.351278E-01
  28   0.181208E+00    0.561544E-01    0.203517E-01    0.182630E+00    0.764881E-01    0.179786E+00   -0.357848E-01
  29   0.187919E+00    0.566227E-01    0.201697E-01    0.189548E+00    0.767689E-01    0.186291E+00   -0.364295E-01
  30   0.194631E+00    0.570548E-01    0.199670E-01    0.196427E+00    0.769935E-01    0.192835E+00   -0.370594E-01
  31   0.201342E+00    0.574522E-01    0.197485E-01    0.203267E+00    0.771685E-01    0.199418E+00   -0.376715E-01
  32   0.208054E+00    0.578164E-01    0.195188E-01    0.210066E+00    0.773002E-01    0.206042E+00   -0.382626E-01
  33   0.214765E+00    0.581486E-01    0.192827E-01    0.216823E+00    0.773949E-01    0.212707E+00   -0.388295E-01
  34   0.221477E+00    0.584500E-01    0.190448E-01    0.223547E+00    0.774581E-01    0.219406E+00   -0.393685E-01
  35   0.228188E+00    0.587218E-01    0.188069E-01    0.230268E+00    0.774918E-01    0.226108E+00   -0.398780E-01
  36   0.234899E+00    0.589649E-01    0.185691E-01    0.236987E+00    0.774970E-01    0.232811E+00   -0.403589E-01
  37   0.241611E+00    0.591804E-01    0.183313E-01    0.243705E+00    0.774747E-01    0.239516E+00   -0.408120E-01
  38   0.248322E+00    0.593693E-01    0.180937E-01    0.250422E+00    0.774258E-01    0.246222E+00   -0.412384E-01
  39   0.255034E+00    0.595323E-01    0.178562E-01    0.257138E+00    0.773513E-01    0.252929E+00   -0.416389E-01
  40   0.261745E+00    0.596704E-01    0.176189E-01    0.263853E+00    0.772520E-01    0.259637E+00   -0.420143E-01
  41   0.268456E+00    0.597843E-01    0.173818E-01    0.270566E+00    0.771288E-01    0.266347E+00   -0.423653E-01
  42   0.275168E+00    0.598748E-01    0.171449E-01    0.277278E+00    0.769825E-01    0.273057E+00   -0.426926E-01
  43   0.281879E+00    0.599425E-01    0.169084E-01    0.283989E+00    0.768137E-01    0.279769E+00   -0.429970E-01
  44   0.288591E+00    0.599883E-01    0.166721E-01    0.290699E+00    0.766233E-01    0.286482E+00   -0.432791E-01
  45   0.295302E+00    0.600126E-01    0.164362E-01    0.297409E+00    0.764118E-01    0.293195E+00   -0.435394E-01
  46   0.302013E+00    0.600162E-01    0.162007E-01    0.304117E+00    0.761800E-01    0.299910E+00   -0.437787E-01
  47   0.308725E+00    0.599996E-01    0.159656E-01    0.310824E+00    0.759284E-01    0.306626E+00   -0.439973E-01
  48   0.315436E+00    0.599634E-01    0.157309E-01    0.317530E+00    0.756577E-01    0.313343E+00   -0.441960E-01
  49   0.322148E+00    0.599082E-01    0.154967E-01    0.324235E+00    0.753685E-01    0.320061E+00   -0.443751E-01
  50   0.328859E+00    0.598344E-01    0.152630E-01    0.330939E+00    0.750612E-01    0.326779E+00   -0.445352E-01
  51   0.335570E+00    0.597425E-01    0.150298E-01    0.337642E+00    0.747364E-01    0.333499E+00   -0.446768E-01
  52   0.342282E+00    0.596331E-01    0.147972E-01    0.344345E+00    0.743946E-01    0.340219E+00   -0.448002E-01
  53   0.348993E+00    0.595066E-01    0.145652E-01    0.351046E+00    0.740364E-01    0.346940E+00   -0.449059E-01
  54   0.355705E+00    0.593634E-01    0.143339E-01    0.357747E+00    0.736622E-01    0.353662E+00   -0.449944E-01
  55   0.362416E+00    0.592041E-01    0.141032E-01    0.364447E+00    0.732724E-01    0.360385E+00   -0.450660E-01
  56   0.369128E+00    0.590288E-01    0.138732E-01    0.371146E+00    0.728676E-01    0.367109E+00   -0.451211E-01
  57   0.375839E+00    0.588382E-01    0.136440E-01    0.377844E+00    0.724480E-01    0.373834E+00   -0.451601E-01
  58   0.382550E+00    0.586326E-01    0.134155E-01    0.384542E+00    0.720142E-01    0.380559E+00   -0.451832E-01
  59   0.389262E+00    0.584122E-01    0.131878E-01    0.391239E+00    0.715666E-01    0.387285E+00   -0.451910E-01
  60   0.395973E+00    0.581776E-01    0.129609E-01    0.397935E+00    0.711055E-01    0.394011E+00   -0.451836E-01
  61   0.402685E+00    0.579290E-01    0.127350E-01    0.404630E+00    0.706313E-01    0.400739E+00   -0.451614E-01
  62   0.409396E+00    0.576668E-01    0.125099E-01    0.411325E+00    0.701444E-01    0.407467E+00   -0.451247E-01
  63   0.416107E+00    0.573913E-01    0.122857E-01    0.418019E+00    0.696451E-01    0.414196E+00   -0.450737E-01
  64   0.422819E+00    0.571027E-01    0.120625E-01    0.424713E+00    0.691338E-01    0.420925E+00   -0.450089E-01
  65   0.429530E+00    0.568015E-01    0.118402E-01    0.431406E+00    0.686108E-01    0.427655E+00   -0.449303E-01
  66   0.436242E+00    0.564879E-01    0.116190E-01    0.438098E+00    0.680764E-01    0.434385E+00   -0.448383E-01
  67   0.442953E+00    0.561621E-01    0.113989E-01    0.444790E+00    0.675310E-01    0.441116E+00   -0.447332E-01
  68   0.449664E+00    0.558246E-01    0.111798E-01    0.451481E+00    0.669748E-01    0.447848E+00   -0.446152E-01
  69   0.456376E+00    0.554754E-01    0.109619E-01    0.458172E+00    0.664082E-01    0.454580E+00   -0.444844E-01
  70   0.463087E+00    0.551149E-01    0.107451E-01    0.464862E+00    0.658314E-01    0.461313E+00   -0.443412E-01
  71   0.469799E+00    0.547433E-01    0.105295E-01    0.471551E+00    0.652447E-01    0.468046E+00   -0.441857E-01
  72   0.476510E+00    0.543609E-01    0.103151E-01    0.478241E+00    0.646484E-01    0.474780E+00   -0.440182E-01
  73   0.483221E+00    0.539678E-01    0.101020E-01    0.484929E+00    0.640428E-01    0.481514E+00   -0.438388E-01
  74   0.489933E+00    0.535644E-01    0.989016E-02    0.491618E+00    0.634281E-01    0.488248E+00   -0.436477E-01
  75   0.496644E+00    0.531508E-01    0.967963E-02    0.498306E+00    0.628045E-01    0.494983E+00   -0.434452E-01
  76   0.503356E+00    0.527272E-01    0.947044E-02    0.504993E+00    0.621723E-01    0.501718E+00   -0.432314E-01
  77   0.510067E+00    0.522939E-01    0.926263E-02    0.511680E+00    0.615317E-01    0.508454E+00   -0.430064E-01
  78   0.516779E+00    0.518511E-01    0.905623E-02    0.518367E+00    0.608830E-01    0.515190E+00   -0.427705E-01
  79   0.523490E+00    0.513988E-01    0.885128E-02    0.525053E+00    0.602263E-01    0.521927E+00   -0.425238E-01
  80   0.530201E+00    0.509374E-01    0.864780E-02    0.531739E+00    0.595620E-01    0.528663E+00   -0.422663E-01
  81   0.536913E+00    0.504669E-01    0.844583E-02    0.538425E+00    0.588901E-01    0.535400E+00   -0.419984E-01
  82   0.543624E+00    0.499876E-01    0.824540E-02    0.545111E+00    0.582109E-01    0.542138E+00   -0.417201E-01
  83   0.550336E+00    0.494997E-01    0.804655E-02    0.551796E+00    0.575247E-01    0.548875E+00   -0.414316E-01
  84   0.557047E+00    0.490032E-01    0.784930E-02    0.558481E+00    0.568315E-01    0.555613E+00   -0.411329E-01
  85   0.563758E+00    0.484983E-01    0.765369E-02    0.565165E+00    0.561316E-01    0.562351E+00   -0.408242E-01
  86   0.570470E+00    0.479853E-01    0.745974E-02    0.571850E+00    0.554252E-01    0.569090E+00   -0.405057E-01
  87   0.577181E+00    0.474641E-01    0.726750E-02    0.578534E+00    0.547124E-01    0.575828E+00   -0.401774E-01
  88   0.583893E+00    0.469351E-01    0.707700E-02    0.585218E+00    0.539934E-01    0.582567E+00   -0.398394E-01
  89   0.590604E+00    0.463982E-01    0.688826E-02    0.591902E+00    0.532683E-01    0.589306E+00   -0.394918E-01
  90   0.597315E+00    0.458536E-01    0.670132E-02    0.598586E+00    0.525374E-01    0.596045E+00   -0.391347E-01
  91   0.604027E+00    0.453015E-01    0.651621E-02    0.605270E+00    0.518007E-01    0.602784E+00   -0.387683E-01
  92   0.610738E+00    0.447420E-01    0.633297E-02    0.611953E+00    0.510584E-01    0.609523E+00   -0.383925E-01
  93   0.617450E+00    0.441751E-01    0.615162E-02    0.618637E+00    0.503107E-01    0.616263E+00   -0.380075E-01
  94   0.624161E+00    0.436010E-01    0.597220E-02    0.625320E+00    0.495578E-01    0.623002E+00   -0.376134E-01
  95   0.630872E+00    0.430197E-01    0.579474E-02    0.632003E+00    0.487996E-01    0.629742E+00   -0.372101E-01
  96   0.637584E+00    0.424315E-01    0.561928E-02    0.638686E+00    0.480364E-01    0.636481E+00   -0.367979E-01
  97   0.644295E+00    0.418363E-01    0.544584E-02    0.645370E+00    0.472683E-01    0.643221E+00   -0.363766E-01
  98   0.651007E+00    0.412342E-01    0.527446E-02    0.652053E+00    0.464954E-01    0.649960E+00   -0.359465E-01
  99   0.657718E+00    0.406254E-01    0.510517E-02    0.658736E+00    0.457178E-01    0.656700E+00   -0.355075E-01
 100   0.664430E+00    0.400099E-01    0.493800E-02    0.665419E+00    0.449357E-01    0.663440E+00   -0.350597E-01
 101   0.671141E+00    0.393878E-01    0.477298E-02    0.672103E+00    0.441491E-01    0.670179E+00   -0.346031E-01
 102   0.677852E+00    0.387592E-01    0.461015E-02    0.678786E+00    0.433581E-01    0.676919E+00   -0.341378E-01
 103   0.684564E+00    0.381241E-01    0.444955E-02    0.685469E+00    0.425629E-01    0.683658E+00   -0.336638E-01
 104   0.691275E+00    0.374825E-01    0.429119E-02    0.692153E+00    0.417635E-01    0.690397E+00   -0.331811E-01
 105   0.697987E+00    0.368347E-01    0.413512E-02    0.698837E+00    0.409600E-01    0.697137E+00   -0.326897E-01
 106   0.704698E+00    0.361805E-01    0.398136E-02    0.705520E+00    0.401525E-01    0.703876E+00   -0.321898E-01
 107   0.711409E+00    0.355200E-01    0.382996E-02    0.712204E+00    0.393411E-01    0.710615E+00   -0.316812E-01
 108   0.718121E+00    0.348534E-01    0.368093E-02    0.718888E+00    0.385259E-01    0.717353E+00   -0.311640E-01
 109   0.724832E+00    0.341805E-01    0.353432E-02    0.725573E+00    0.377068E-01    0.724092E+00   -0.306382E-01
 110   0.731544E+00    0.335016E-01    0.339015E-02    0.732257E+00    0.368841E-01    0.730830E+00   -0.301038E-01
 111   0.738255E+00    0.328165E-01    0.324846E-02    0.738942E+00    0.360578E-01    0.737568E+00   -0.295609E-01
 112   0.744966E+00    0.321254E-01    0.310928E-02    0.745626E+00    0.352279E-01    0.744306E+00   -0.290093E-01
 113   0.751678E+00    0.314282E-01    0.297265E-02    0.752312E+00    0.343945E-01    0.751044E+00   -0.284492E-01
 114   0.758389E+00    0.307250E-01    0.283859E-02    0.758997E+00    0.335576E-01    0.757782E+00   -0.278804E-01
 115   0.765101E+00    0.300158E-01    0.270713E-02    0.765683E+00    0.327172E-01    0.764519E+00   -0.273030E-01
 116   0.771812E+00    0.293005E-01    0.257832E-02    0.772369E+00    0.318736E-01    0.771256E+00   -0.267169E-01
 117   0.778523E+00    0.285793E-01    0.245218E-02    0.779055E+00    0.310265E-01    0.777992E+00   -0.261222E-01
 118   0.785235E+00    0.278521E-01    0.232874E-02    0.785741E+00    0.301762E-01    0.784728E+00   -0.255188E-01
 119   0.791946E+00    0.271189E-01    0.220804E-02    0.792428E+00    0.293227E-01    0.791464E+00   -0.249066E-01
 120   0.798658E+00    0.263797E-01    0.209011E-02    0.799116E+00    0.284659E-01    0.798200E+00   -0.242857E-01
 121   0.805369E+00    0.256346E-01    0.197498E-02    0.805803E+00    0.276059E-01    0.804935E+00   -0.236559E-01
 122   0.812081E+00    0.248834E-01    0.186268E-02    0.812492E+00    0.267427E-01    0.811670E+00   -0.230173E-01
 123   0.818792E+00    0.241262E-01    0.175325E-02    0.819180E+00    0.258763E-01    0.818404E+00   -0.223698E-01
 124   0.825503E+00    0.233630E-01    0.164671E-02    0.825869E+00    0.250068E-01    0.825138E+00   -0.217134E-01
 125   0.832215E+00    0.225937E-01    0.154311E-02    0.832559E+00    0.241342E-01    0.831871E+00   -0.210480E-01
 126   0.838926E+00    0.218183E-01    0.144247E-02    0.839248E+00    0.232584E-01    0.838604E+00   -0.203735E-01
 127   0.845638E+00    0.210369E-01    0.134483E-02    0.845939E+00    0.223795E-01    0.845336E+00   -0.196899E-01
 128   0.852349E+00    0.202493E-01    0.125021E-02    0.852630E+00    0.214975E-01    0.852068E+00   -0.189971E-01
 129   0.859060E+00    0.194555E-01    0.115865E-02    0.859321E+00    0.206124E-01    0.858799E+00   -0.182951E-01
 130   0.865772E+00    0.186555E-01    0.107019E-02    0.866013E+00    0.197241E-01    0.865530E+00   -0.175837E-01
 131   0.872483E+00    0.178492E-01    0.984846E-03    0.872706E+00    0.188327E-01    0.872260E+00   -0.168630E-01
 132   0.879195E+00    0.170367E-01    0.902662E-03    0.879399E+00    0.179381E-01    0.878990E+00   -0.161328E-01
 133   0.885906E+00    0.162178E-01    0.823667E-03    0.886093E+00    0.170404E-01    0.885719E+00   -0.153930E-01
 134   0.892617E+00    0.153925E-01    0.747893E-03    0.892788E+00    0.161394E-01    0.892447E+00   -0.146436E-01
 135   0.899329E+00    0.145607E-01    0.675373E-03    0.899483E+00    0.152353E-01    0.899175E+00   -0.138845E-01
 136   0.906040E+00    0.137224E-01    0.606139E-03    0.906178E+00    0.143279E-01    0.905902E+00   -0.131156E-01
 137   0.912752E+00    0.128775E-01    0.540224E-03    0.912875E+00    0.134172E-01    0.912628E+00   -0.123367E-01
 138   0.919463E+00    0.120260E-01    0.477659E-03    0.919572E+00    0.125032E-01    0.919354E+00   -0.115479E-01
 139   0.926174E+00    0.111678E-01    0.418477E-03    0.926270E+00    0.115858E-01    0.926079E+00   -0.107489E-01
 140   0.932886E+00    0.103027E-01    0.362710E-03    0.932969E+00    0.106651E-01    0.932803E+00   -0.993969E-02
 141   0.939597E+00    0.943082E-02    0.310392E-03    0.939668E+00    0.974095E-02    0.939526E+00   -0.912016E-02
 142   0.946309E+00    0.855196E-02    0.261553E-03    0.946369E+00    0.881330E-02    0.946249E+00   -0.829020E-02
 143   0.953020E+00    0.766606E-02    0.216226E-03    0.953070E+00    0.788212E-02    0.952970E+00   -0.744967E-02
 144   0.959732E+00    0.677304E-02    0.174444E-03    0.959772E+00    0.694736E-02    0.959691E+00   -0.659847E-02
 145   0.966443E+00    0.587280E-02    0.136239E-03    0.966475E+00    0.600895E-02    0.966411E+00   -0.573647E-02
 146   0.973154E+00    0.496525E-02    0.101644E-03    0.973179E+00    0.506684E-02    0.973130E+00   -0.486355E-02
 147   0.979866E+00    0.405030E-02    0.706896E-04    0.979883E+00    0.412096E-02    0.979848E+00   -0.397958E-02
 148   0.986577E+00    0.312785E-02    0.434094E-04    0.986589E+00    0.317124E-02    0.986565E+00   -0.308442E-02
 149   0.993289E+00    0.219778E-02    0.198354E-04    0.993296E+00    0.221761E-02    0.993281E+00   -0.217794E-02
 150   0.100000E+01    0.126000E-02    0.000000E+00    0.100000E+01    0.126000E-02    0.999997E+00   -0.126000E-02
