 0.00000E+00    0.10000E+01    0.00000E+00    0.10000E+01
 0.62832E-01    0.99803E+00    0.62791E-01    0.10648E+01
 0.12566E+00    0.99211E+00    0.12533E+00    0.11339E+01
 0.18850E+00    0.98229E+00    0.18738E+00    0.12074E+01
 0.25133E+00    0.96858E+00    0.24869E+00    0.12857E+01
 0.31416E+00    0.95106E+00    0.30902E+00    0.13691E+01
 0.37699E+00    0.92978E+00    0.36812E+00    0.14579E+01
 0.43982E+00    0.90483E+00    0.42578E+00    0.15524E+01
 0.50265E+00    0.87631E+00    0.48175E+00    0.16531E+01
 0.56549E+00    0.84433E+00    0.53583E+00    0.17603E+01
 0.62832E+00    0.80902E+00    0.58779E+00    0.18745E+01
 0.69115E+00    0.77051E+00    0.63742E+00    0.19960E+01
 0.75398E+00    0.72897E+00    0.68455E+00    0.21254E+01
 0.81681E+00    0.68455E+00    0.72897E+00    0.22633E+01
 0.87965E+00    0.63742E+00    0.77051E+00    0.24100E+01
 0.94248E+00    0.58779E+00    0.80902E+00    0.25663E+01
 0.10053E+01    0.53583E+00    0.84433E+00    0.27328E+01
 0.10681E+01    0.48175E+00    0.87631E+00    0.29100E+01
 0.11310E+01    0.42578E+00    0.90483E+00    0.30987E+01
 0.11938E+01    0.36812E+00    0.92978E+00    0.32996E+01
 0.12566E+01    0.30902E+00    0.95106E+00    0.35136E+01
 0.13195E+01    0.24869E+00    0.96858E+00    0.37414E+01
 0.13823E+01    0.18738E+00    0.98229E+00    0.39841E+01
 0.14451E+01    0.12533E+00    0.99211E+00    0.42424E+01
 0.15080E+01    0.62791E-01    0.99803E+00    0.45175E+01
 0.15708E+01   -0.60490E-15    0.10000E+01    0.48105E+01
 0.16336E+01   -0.62791E-01    0.99803E+00    0.51224E+01
 0.16965E+01   -0.12533E+00    0.99211E+00    0.54546E+01
 0.17593E+01   -0.18738E+00    0.98229E+00    0.58083E+01
 0.18221E+01   -0.24869E+00    0.96858E+00    0.61850E+01
 0.18850E+01   -0.30902E+00    0.95106E+00    0.65861E+01
 0.19478E+01   -0.36812E+00    0.92978E+00    0.70132E+01
 0.20106E+01   -0.42578E+00    0.90483E+00    0.74679E+01
 0.20735E+01   -0.48175E+00    0.87631E+00    0.79522E+01
 0.21363E+01   -0.53583E+00    0.84433E+00    0.84679E+01
 0.21991E+01   -0.58779E+00    0.80902E+00    0.90170E+01
 0.22619E+01   -0.63742E+00    0.77051E+00    0.96018E+01
 0.23248E+01   -0.68455E+00    0.72897E+00    0.10224E+02
 0.23876E+01   -0.72897E+00    0.68455E+00    0.10887E+02
 0.24504E+01   -0.77051E+00    0.63742E+00    0.11593E+02
 0.25133E+01   -0.80902E+00    0.58779E+00    0.12345E+02
 0.25761E+01   -0.84433E+00    0.53583E+00    0.13146E+02
 0.26389E+01   -0.87631E+00    0.48175E+00    0.13998E+02
 0.27018E+01   -0.90483E+00    0.42578E+00    0.14906E+02
 0.27646E+01   -0.92978E+00    0.36812E+00    0.15873E+02
 0.28274E+01   -0.95106E+00    0.30902E+00    0.16902E+02
 0.28903E+01   -0.96858E+00    0.24869E+00    0.17998E+02
 0.29531E+01   -0.98229E+00    0.18738E+00    0.19165E+02
 0.30159E+01   -0.99211E+00    0.12533E+00    0.20408E+02
 0.30788E+01   -0.99803E+00    0.62791E-01    0.21731E+02
 0.31416E+01   -0.10000E+01   -0.25421E-14    0.23141E+02
 0.32044E+01   -0.99803E+00   -0.62791E-01    0.24641E+02
 0.32673E+01   -0.99211E+00   -0.12533E+00    0.26239E+02
 0.33301E+01   -0.98229E+00   -0.18738E+00    0.27941E+02
 0.33929E+01   -0.96858E+00   -0.24869E+00    0.29753E+02
 0.34558E+01   -0.95106E+00   -0.30902E+00    0.31682E+02
 0.35186E+01   -0.92978E+00   -0.36812E+00    0.33737E+02
 0.35814E+01   -0.90483E+00   -0.42578E+00    0.35924E+02
 0.36442E+01   -0.87631E+00   -0.48175E+00    0.38254E+02
 0.37071E+01   -0.84433E+00   -0.53583E+00    0.40735E+02
 0.37699E+01   -0.80902E+00   -0.58779E+00    0.43376E+02
 0.38327E+01   -0.77051E+00   -0.63742E+00    0.46189E+02
 0.38956E+01   -0.72897E+00   -0.68455E+00    0.49184E+02
 0.39584E+01   -0.68455E+00   -0.72897E+00    0.52374E+02
 0.40212E+01   -0.63742E+00   -0.77051E+00    0.55770E+02
 0.40841E+01   -0.58779E+00   -0.80902E+00    0.59387E+02
 0.41469E+01   -0.53583E+00   -0.84433E+00    0.63238E+02
 0.42097E+01   -0.48175E+00   -0.87631E+00    0.67339E+02
 0.42726E+01   -0.42578E+00   -0.90483E+00    0.71705E+02
 0.43354E+01   -0.36812E+00   -0.92978E+00    0.76355E+02
 0.43982E+01   -0.30902E+00   -0.95106E+00    0.81307E+02
 0.44611E+01   -0.24869E+00   -0.96858E+00    0.86579E+02
 0.45239E+01   -0.18738E+00   -0.98229E+00    0.92194E+02
 0.45867E+01   -0.12533E+00   -0.99211E+00    0.98172E+02
 0.46496E+01   -0.62791E-01   -0.99803E+00    0.10454E+03
 0.47124E+01   -0.18369E-15   -0.10000E+01    0.11132E+03
 0.47752E+01    0.62791E-01   -0.99803E+00    0.11854E+03
 0.48381E+01    0.12533E+00   -0.99211E+00    0.12622E+03
 0.49009E+01    0.18738E+00   -0.98229E+00    0.13441E+03
 0.49637E+01    0.24869E+00   -0.96858E+00    0.14312E+03
 0.50265E+01    0.30902E+00   -0.95106E+00    0.15241E+03
 0.50894E+01    0.36812E+00   -0.92978E+00    0.16229E+03
 0.51522E+01    0.42578E+00   -0.90483E+00    0.17281E+03
 0.52150E+01    0.48175E+00   -0.87631E+00    0.18402E+03
 0.52779E+01    0.53583E+00   -0.84433E+00    0.19595E+03
 0.53407E+01    0.58779E+00   -0.80902E+00    0.20866E+03
 0.54035E+01    0.63742E+00   -0.77051E+00    0.22219E+03
 0.54664E+01    0.68455E+00   -0.72897E+00    0.23660E+03
 0.55292E+01    0.72897E+00   -0.68455E+00    0.25194E+03
 0.55920E+01    0.77051E+00   -0.63742E+00    0.26828E+03
 0.56549E+01    0.80902E+00   -0.58779E+00    0.28568E+03
 0.57177E+01    0.84433E+00   -0.53583E+00    0.30420E+03
 0.57805E+01    0.87631E+00   -0.48175E+00    0.32393E+03
 0.58434E+01    0.90483E+00   -0.42578E+00    0.34494E+03
 0.59062E+01    0.92978E+00   -0.36812E+00    0.36731E+03
 0.59690E+01    0.95106E+00   -0.30902E+00    0.39112E+03
 0.60319E+01    0.96858E+00   -0.24869E+00    0.41649E+03
 0.60947E+01    0.98229E+00   -0.18738E+00    0.44350E+03
 0.61575E+01    0.99211E+00   -0.12533E+00    0.47226E+03
 0.62204E+01    0.99803E+00   -0.62791E-01    0.50288E+03
 0.62832E+01    0.10000E+01   -0.91267E-14    0.53549E+03
 0.63460E+01    0.99803E+00    0.62791E-01    0.57022E+03
 0.64088E+01    0.99211E+00    0.12533E+00    0.60719E+03
 0.64717E+01    0.98229E+00    0.18738E+00    0.64657E+03
 0.65345E+01    0.96858E+00    0.24869E+00    0.68850E+03
 0.65973E+01    0.95106E+00    0.30902E+00    0.73315E+03
 0.66602E+01    0.92978E+00    0.36812E+00    0.78069E+03
 0.67230E+01    0.90483E+00    0.42578E+00    0.83131E+03
 0.67858E+01    0.87631E+00    0.48175E+00    0.88522E+03
 0.68487E+01    0.84433E+00    0.53583E+00    0.94263E+03
 0.69115E+01    0.80902E+00    0.58779E+00    0.10038E+04
 0.69743E+01    0.77051E+00    0.63742E+00    0.10688E+04
 0.70372E+01    0.72897E+00    0.68455E+00    0.11382E+04
 0.71000E+01    0.68455E+00    0.72897E+00    0.12120E+04
 0.71628E+01    0.63742E+00    0.77051E+00    0.12906E+04
 0.72257E+01    0.58779E+00    0.80902E+00    0.13742E+04
 0.72885E+01    0.53583E+00    0.84433E+00    0.14634E+04
 0.73513E+01    0.48175E+00    0.87631E+00    0.15583E+04
 0.74142E+01    0.42578E+00    0.90483E+00    0.16593E+04
 0.74770E+01    0.36812E+00    0.92978E+00    0.17669E+04
 0.75398E+01    0.30902E+00    0.95106E+00    0.18815E+04
 0.76027E+01    0.24869E+00    0.96858E+00    0.20035E+04
 0.76655E+01    0.18738E+00    0.98229E+00    0.21334E+04
 0.77283E+01    0.12533E+00    0.99211E+00    0.22718E+04
 0.77911E+01    0.62791E-01    0.99803E+00    0.24191E+04
 0.78540E+01    0.18070E-13    0.10000E+01    0.25760E+04
 0.79168E+01   -0.62791E-01    0.99803E+00    0.27430E+04
 0.79796E+01   -0.12533E+00    0.99211E+00    0.29209E+04
 0.80425E+01   -0.18738E+00    0.98229E+00    0.31103E+04
 0.81053E+01   -0.24869E+00    0.96858E+00    0.33120E+04
 0.81681E+01   -0.30902E+00    0.95106E+00    0.35268E+04
 0.82310E+01   -0.36812E+00    0.92978E+00    0.37555E+04
 0.82938E+01   -0.42578E+00    0.90483E+00    0.39990E+04
 0.83566E+01   -0.48175E+00    0.87631E+00    0.42583E+04
 0.84195E+01   -0.53583E+00    0.84433E+00    0.45345E+04
 0.84823E+01   -0.58779E+00    0.80902E+00    0.48285E+04
 0.85451E+01   -0.63742E+00    0.77051E+00    0.51417E+04
 0.86080E+01   -0.68455E+00    0.72897E+00    0.54751E+04
 0.86708E+01   -0.72897E+00    0.68455E+00    0.58301E+04
 0.87336E+01   -0.77051E+00    0.63742E+00    0.62082E+04
 0.87965E+01   -0.80902E+00    0.58779E+00    0.66108E+04
 0.88593E+01   -0.84433E+00    0.53583E+00    0.70395E+04
 0.89221E+01   -0.87631E+00    0.48175E+00    0.74960E+04
 0.89850E+01   -0.90483E+00    0.42578E+00    0.79821E+04
 0.90478E+01   -0.92978E+00    0.36812E+00    0.84997E+04
 0.91106E+01   -0.95106E+00    0.30902E+00    0.90509E+04
 0.91735E+01   -0.96858E+00    0.24869E+00    0.96378E+04
 0.92363E+01   -0.98229E+00    0.18738E+00    0.10263E+05
 0.92991E+01   -0.99211E+00    0.12533E+00    0.10928E+05
 0.93619E+01   -0.99803E+00    0.62791E-01    0.11637E+05
 0.94248E+01   -0.10000E+01    0.27013E-13    0.12392E+05
 0.94876E+01   -0.99803E+00   -0.62791E-01    0.13195E+05
 0.95504E+01   -0.99211E+00   -0.12533E+00    0.14051E+05
 0.96133E+01   -0.98229E+00   -0.18738E+00    0.14962E+05
 0.96761E+01   -0.96858E+00   -0.24869E+00    0.15932E+05
 0.97389E+01   -0.95106E+00   -0.30902E+00    0.16966E+05
 0.98018E+01   -0.92978E+00   -0.36812E+00    0.18066E+05
 0.98646E+01   -0.90483E+00   -0.42578E+00    0.19237E+05
 0.99274E+01   -0.87631E+00   -0.48175E+00    0.20485E+05
 0.99903E+01   -0.84433E+00   -0.53583E+00    0.21813E+05
 0.10053E+02   -0.80902E+00   -0.58779E+00    0.23228E+05
 0.10116E+02   -0.77051E+00   -0.63742E+00    0.24734E+05
 0.10179E+02   -0.72897E+00   -0.68455E+00    0.26338E+05
 0.10242E+02   -0.68455E+00   -0.72897E+00    0.28046E+05
 0.10304E+02   -0.63742E+00   -0.77051E+00    0.29864E+05
 0.10367E+02   -0.58779E+00   -0.80902E+00    0.31801E+05
 0.10430E+02   -0.53583E+00   -0.84433E+00    0.33863E+05
 0.10493E+02   -0.48175E+00   -0.87631E+00    0.36059E+05
 0.10556E+02   -0.42578E+00   -0.90483E+00    0.38398E+05
 0.10619E+02   -0.36812E+00   -0.92978E+00    0.40888E+05
 0.10681E+02   -0.30902E+00   -0.95106E+00    0.43539E+05
 0.10744E+02   -0.24869E+00   -0.96858E+00    0.46363E+05
 0.10807E+02   -0.18738E+00   -0.98229E+00    0.49369E+05
 0.10870E+02   -0.12533E+00   -0.99211E+00    0.52571E+05
 0.10933E+02   -0.62791E-01   -0.99803E+00    0.55980E+05
 0.10996E+02   -0.35956E-13   -0.10000E+01    0.59610E+05
 0.11058E+02    0.62791E-01   -0.99803E+00    0.63475E+05
 0.11121E+02    0.12533E+00   -0.99211E+00    0.67592E+05
 0.11184E+02    0.18738E+00   -0.98229E+00    0.71975E+05
 0.11247E+02    0.24869E+00   -0.96858E+00    0.76642E+05
 0.11310E+02    0.30902E+00   -0.95106E+00    0.81612E+05
 0.11373E+02    0.36812E+00   -0.92978E+00    0.86905E+05
 0.11435E+02    0.42578E+00   -0.90483E+00    0.92540E+05
 0.11498E+02    0.48175E+00   -0.87631E+00    0.98541E+05
 0.11561E+02    0.53583E+00   -0.84433E+00    0.10493E+06
 0.11624E+02    0.58779E+00   -0.80902E+00    0.11174E+06
 0.11687E+02    0.63742E+00   -0.77051E+00    0.11898E+06
 0.11750E+02    0.68455E+00   -0.72897E+00    0.12670E+06
 0.11812E+02    0.72897E+00   -0.68455E+00    0.13491E+06
 0.11875E+02    0.77051E+00   -0.63742E+00    0.14366E+06
 0.11938E+02    0.80902E+00   -0.58779E+00    0.15298E+06
 0.12001E+02    0.84433E+00   -0.53583E+00    0.16290E+06
 0.12064E+02    0.87631E+00   -0.48175E+00    0.17346E+06
 0.12127E+02    0.90483E+00   -0.42578E+00    0.18471E+06
 0.12189E+02    0.92978E+00   -0.36812E+00    0.19669E+06
 0.12252E+02    0.95106E+00   -0.30902E+00    0.20944E+06
 0.12315E+02    0.96858E+00   -0.24869E+00    0.22303E+06
 0.12378E+02    0.98229E+00   -0.18738E+00    0.23749E+06
 0.12441E+02    0.99211E+00   -0.12533E+00    0.25289E+06
 0.12504E+02    0.99803E+00   -0.62791E-01    0.26929E+06
 0.12566E+02    0.10000E+01   -0.44899E-13    0.28675E+06
